  0.         0.         0.         0.         0.         0.         0.         0.         0.         0.         0.         0.         0.         0.         0.         0.         0.         0.         0.       
  0.         0.9601703  0.7086698  0.2836622 -0.2107958 -0.6536436 -0.9364567 -0.9899925 -0.8011436 -0.4161468  0.0707372  0.5403023  0.8775826  1.         0.8775826  0.5403023  0.0707372 -0.4161468  0.       
  0.         0.8611924  0.5120855  0.0376022 -0.4460875 -0.8205594 -0.9941297 -0.9243024 -0.6281736 -0.1782461  0.3153224  0.7316889  0.9689124  0.9689124  0.7316889  0.3153224 -0.1782461 -0.6281736  0.       
  0.         0.7086698  0.2836622 -0.2107958 -0.6536436 -0.9364567 -0.9899925 -0.8011436 -0.4161468  0.0707372  0.5403023  0.8775826  1.         0.8775826  0.5403023  0.0707372 -0.4161468 -0.8011436  0.       
  0.         0.5120855  0.0376022 -0.4460875 -0.8205594 -0.9941297 -0.9243024 -0.6281736 -0.1782461  0.3153224  0.7316889  0.9689124  0.9689124  0.7316889  0.3153224 -0.1782461 -0.6281736 -0.9243024  0.       
  0.         0.2836622 -0.2107958 -0.6536436 -0.9364567 -0.9899925 -0.8011436 -0.4161468  0.0707372  0.5403023  0.8775826  1.         0.8775826  0.5403023  0.0707372 -0.4161468 -0.8011436 -0.9899925  0.       
  0.         0.0376022 -0.4460875 -0.8205594 -0.9941297 -0.9243024 -0.6281736 -0.1782461  0.3153224  0.7316889  0.9689124  0.9689124  0.7316889  0.3153224 -0.1782461 -0.6281736 -0.9243024 -0.9941297  0.       
  0.        -0.2107958 -0.6536436 -0.9364567 -0.9899925 -0.8011436 -0.4161468  0.0707372  0.5403023  0.8775826  1.         0.8775826  0.5403023  0.0707372 -0.4161468 -0.8011436 -0.9899925 -0.9364567  0.       
  0.        -0.4460875 -0.8205594 -0.9941297 -0.9243024 -0.6281736 -0.1782461  0.3153224  0.7316889  0.9689124  0.9689124  0.7316889  0.3153224 -0.1782461 -0.6281736 -0.9243024 -0.9941297 -0.8205594  0.       
  0.        -0.6536436 -0.9364567 -0.9899925 -0.8011436 -0.4161468  0.0707372  0.5403023  0.8775826  1.         0.8775826  0.5403023  0.0707372 -0.4161468 -0.8011436 -0.9899925 -0.9364567 -0.6536436  0.       
  0.        -0.8205594 -0.9941297 -0.9243024 -0.6281736 -0.1782461  0.3153224  0.7316889  0.9689124  0.9689124  0.7316889  0.3153224 -0.1782461 -0.6281736 -0.9243024 -0.9941297 -0.8205594 -0.4460875  0.       
  0.        -0.9364567 -0.9899925 -0.8011436 -0.4161468  0.0707372  0.5403023  0.8775826  1.         0.8775826  0.5403023  0.0707372 -0.4161468 -0.8011436 -0.9899925 -0.9364567 -0.6536436 -0.2107958  0.       
  0.        -0.9941297 -0.9243024 -0.6281736 -0.1782461  0.3153224  0.7316889  0.9689124  0.9689124  0.7316889  0.3153224 -0.1782461 -0.6281736 -0.9243024 -0.9941297 -0.8205594 -0.4460875  0.0376022  0.       
  0.        -0.9899925 -0.8011436 -0.4161468  0.0707372  0.5403023  0.8775826  1.         0.8775826  0.5403023  0.0707372 -0.4161468 -0.8011436 -0.9899925 -0.9364567 -0.6536436 -0.2107958  0.2836622  0.       
  0.        -0.9243024 -0.6281736 -0.1782461  0.3153224  0.7316889  0.9689124  0.9689124  0.7316889  0.3153224 -0.1782461 -0.6281736 -0.9243024 -0.9941297 -0.8205594 -0.4460875  0.0376022  0.5120855  0.       
  0.        -0.8011436 -0.4161468  0.0707372  0.5403023  0.8775826  1.         0.8775826  0.5403023  0.0707372 -0.4161468 -0.8011436 -0.9899925 -0.9364567 -0.6536436 -0.2107958  0.2836622  0.7086698  0.       
  0.        -0.6281736 -0.1782461  0.3153224  0.7316889  0.9689124  0.9689124  0.7316889  0.3153224 -0.1782461 -0.6281736 -0.9243024 -0.9941297 -0.8205594 -0.4460875  0.0376022  0.5120855  0.8611924  0.       
  0.        -0.4161468  0.0707372  0.5403023  0.8775826  1.         0.8775826  0.5403023  0.0707372 -0.4161468 -0.8011436 -0.9899925 -0.9364567 -0.6536436 -0.2107958  0.2836622  0.7086698  0.9601703  0.       
  0.         0.         0.         0.         0.         0.         0.         0.         0.         0.         0.         0.         0.         0.         0.         0.         0.         0.         0.       