0.082638214708947669054 0.19533220525177083215
0.43615032355871043638 0.32037535727454028134
1.0751765775114285773 0.26732972635717109724
2.0051935316492322407 0.14512985435875862541
3.2342561240474437616 0.054436943245338457779
4.7735135137001972648 0.014357297766061867292
6.6378292053649526654 0.0026628247355727725684
8.8466855111698000537 0.00034367972715629992061
11.425529319373352587 0.000030275517837828701094
14.407823037481318002 1.7685150532316768954e-6
17.838284730701140929 6.5762728868104333220e-8
21.778268257722265326 1.4697309321595467903e-9
26.315317811248799777 1.8169103625554497956e-11
31.581771680456733134 1.0954013889286874030e-13
37.796093837477100729 2.6173738822233704215e-16
45.375716533988966183 1.6729356931461546909e-19
55.389751789839610664 1.0656263162740427882e-23
