0.049014489994713646422 0.11978686722479543442
0.25840729791877858038 0.22642938894472312828
0.63574721580068027188 0.24447356535568403026
1.1822010556248429509 0.19362026449763877698
1.8993664980026823850 0.12020699960179554665
2.7893635383562917989 0.060062606051822768879
3.8548761581952923541 0.024444040022708565224
5.0992000886986005335 0.0081456248702861073504
6.5263028851929060403 0.0022258990960670322465
8.1408997332230320230 0.00049828632134452034355
9.9485488936348848047 0.000091113489992727080196
11.955771944042638355 0.000013547034631790887642
14.170205843320575453 1.6278500050223849868e-6
16.600796552315668230 1.5687206990177648663e-7
19.258047913130726766 1.2009533101199117513e-8
22.154345434871591218 7.2205280676333159579e-10
25.304383763050153815 3.3624013158479019449e-11
28.725741025266422850 1.1925479056622079597e-12
32.439666742324382897 3.1562047238627133475e-14
36.472189713639477741 6.0783312942285316944e-16
40.855722336729144340 8.2542983474716321863e-18
45.631467701277814616 7.5940399307102119821e-20
50.853191515990184193 4.4924215049305739335e-22
56.593462896661908285 1.5926368145878628336e-24
62.954728501149267077 3.0640076404632419341e-27
70.090894596424175386 2.7572669535983463902e-30
78.255370419410440893 9.0992518504373094716e-34
87.932593642986127200 6.9437307100088383887e-38
100.36749160276659530 3.8222471284651841026e-43
