0.087649410478927840360 0.20615171495780099433
0.46269632891508083188 0.33105785495088416599
1.1410577748312268569 0.26579577764421415260
2.1292836450983806163 0.13629693429637753998
3.4370866338932066452 0.047328928694125218978
5.0780186145497679129 0.011299900080339453231
7.0703385350482341304 0.0018490709435263108643
9.4383143363919387839 0.00020427191530827846013
12.214223368866158737 0.000014844586873981298771
15.441527368781617077 6.8283193308711995644e-7
19.180156856753134855 1.8810248410796732139e-8
23.515905693991908532 2.8623502429738816196e-10
28.578729742882140368 2.1270790332241029674e-12
34.583398702286625815 6.2979670025178677872e-15
41.940452647688332635 5.0504737000355128204e-18
51.701160339543318364 4.1614623703728551904e-22
