0.074158783757205087713 0.17676847491591250225
0.39126861331999460734 0.30047814360725437948
0.96395734399795805863 0.26759954703817503077
1.7961755820683281256 0.15991337213558021679
2.8936513818737839912 0.068249379976149113455
4.2642155396277664744 0.021239307606544324924
5.9181415616440485582 0.0048416273511483959672
7.8686189153347337311 0.00080491274738136676659
10.132423716815265925 0.000096524720931535017084
12.730881463842398005 8.2073052580510305441e-6
15.691278339835888545 4.8305667247307725395e-7
19.048993209823550153 1.9049913611232856999e-8
22.850849760829482932 4.8166846309280615577e-10
27.160669327411448879 7.3482588395511443768e-12
32.069122251862242322 6.2022753875726163989e-14
37.712905801219649477 2.5414308430154227237e-16
44.317362795831496120 4.0788612968257123501e-19
52.312902457404383166 1.7077501875938370610e-22
62.802423153500375841 6.7150646499081899600e-27
