0.056704775452705476280 0.13752601422934434355
0.29901089858698855075 0.25164527376491023565
0.73590955543501610544 0.25617600280975589649
1.3691831160351937021 0.18621549036243641491
2.2013260537214675585 0.10319984810752066236
3.2356758035580372288 0.044714161129933530283
4.4764966150738342158 0.015305232886395433371
5.9290837627004479276 0.0041524146328770739675
7.5998993099567497453 0.00089209907325968119114
9.4967492209324344789 0.00015115601916424056867
11.629014911778752682 0.000020065531801932957335
14.007957976545067645 2.0677743964318778566e-6
16.647125597288782691 1.6346520222911416856e-7
19.562898011469057138 9.7660150621244776324e-9
22.775241986835040983 4.3277207941849261396e-10
26.308772390968886822 1.3896009633894943673e-11
30.194291163316105191 3.1389227925399255267e-13
34.471097571922034440 4.8026148226042049726e-15
39.190608803937420856 4.7358853648072365296e-17
44.422349336162018809 2.8142053798430262038e-19
50.264574993833539293 9.1649543959911408166e-22
56.864967173940176285 1.4189400094972227524e-24
64.466670615954134772 8.2736519440992071970e-28
73.534234792100149085 1.1688817115427650660e-31
85.260155562495958318 1.3158315000591255001e-36
