0.093307812017281804763 0.21823488594008688986
0.49269174030188390896 0.34221017792288332964
1.2155954120709494637 0.26302757794168009741
2.2699495262037432025 0.12642581810593053584
3.6676227217514372772 0.040206864921000914842
5.4253366274135531653 0.0085638778036118383639
7.5659162266130678605 0.0012124361472142520762
10.120228568019112735 0.00011167439234425194199
13.130282482175723564 6.4599267620229009247e-6
16.654407708329957823 2.2263169070962726303e-7
20.776478899448766773 4.2274303849793650074e-9
25.623894226728780145 3.9218972670410892904e-11
31.407519169753938515 1.4565152640731264063e-13
38.530683306486009416 1.4830270511133013355e-16
48.026085572685794347 1.6005949062111332310e-20
