0.061532037757520338070 0.14851979908204655867
0.32451132915455278205 0.26627634222202902510
0.79887396869298369420 0.26123706746535064581
1.4868863342221972166 0.17991491403828521368
2.3917558297927677788 0.092807882163988973932
3.5177974425035332235 0.036735792594759592493
4.8705603687334524498 0.011260589222543518103
6.4569913067677399088 0.0026775401431269916664
8.2856518925980025062 0.00049238967286655793964
10.367009043445766501 0.000069566498942439339078
12.713825028162594491 7.4763615231340992846e-6
15.341687572888509221 6.0306324124629508742e-7
18.269742393895989941 3.5883396900215093992e-8
21.521727850814163458 1.5405512400611360140e-9
25.127477130115497228 4.6390775303490565988e-11
29.125175108751015319 9.4469123741313741337e-13
33.564896563116417073 1.2397411693143502477e-14
38.514459677180714452 9.8211682680116023005e-17
44.069807814871213770 4.2818468449835182740e-19
50.375226603043749053 8.9432388362971850802e-22
57.668304350434123593 7.1293967953174463113e-25
66.402873068345171385 1.4107671088952282770e-28
77.743227284712324617 2.3446147663116609593e-33
