0.050734624849873887593 0.12377884395428642661
0.26748726864074108429 0.23227927690090116145
0.65813662835479151933 0.24751189603647721187
1.2239718083849077187 0.19230711313238282667
1.9667676124737776998 0.11640536172113000646
2.8888833260303218929 0.056345905364477306517
3.9933116592501141362 0.022066364326258807858
5.2837360628434425628 0.0070258876355838677331
6.7646034042435051552 0.0018206078926958548675
8.4412163282713244886 0.00038334430385712317660
10.319850462993260104 0.000065350870806943983079
12.407903414460671739 8.9713620534107683443e-6
14.714085164135748813 9.8470122562492888700e-7
17.248663415608056266 8.5640758526730424462e-8
20.023783329951712751 5.8368387631383442907e-9
23.053890135030295970 3.0756388778423022836e-10
26.356297374401317620 1.2325909527244228202e-11
29.951966833596182109 3.6821736741083120028e-13
33.866605516584459212 7.9987905759689096525e-15
38.132254410194646779 1.2249225003240834109e-16
42.789672370772576270 1.2711242950306737363e-18
47.892071633622743673 8.4885933676865431996e-21
53.511297959664294205 3.4024553794255118473e-23
59.748796084641240822 7.4201565888674851324e-26
66.756977283906469554 7.6004132058017376938e-29
74.786778152339161835 2.8739103179403958143e-32
84.317837107227043056 2.5418229038893180043e-36
96.582420627527319077 1.6613758780290339610e-41
