0.12579644218796752268 0.28493321289420060506
0.66541825583922784168 0.38972088952784937794
1.6471505458721693096 0.23278183184899133394
3.0911381430352549533 0.076564453546196686401
5.0292844015798332124 0.014393282767350695092
7.5098878638066168194 0.0015188808464848730698
10.605950999546967781 0.000085131224354719225972
14.431613758064185535 2.2924038795745040786e-6
19.178857403214678648 2.4863537027677958737e-8
25.217709339677561104 7.7126269336913204703e-11
33.497192847175537273 2.8837758683236238616e-14
