0.11572211735802067527 0.26473137105544319035
0.61175748451513066539 0.37775927587313798202
1.5126102697764187868 0.24408201131987756425
2.8337513377435072286 0.090449222211680930727
4.5992276394183484846 0.020102381154634096523
6.8445254531151773478 0.0026639735418653158811
9.6213168424568670439 0.00020323159266299939212
13.006054993306347720 8.3650558568197987453e-6
17.116855187462255728 1.6684938765409102612e-7
22.151090379397005670 1.3423910305150041455e-9
28.487967250984000313 3.0616016350350207814e-12
37.099121044466920337 8.1480774674262416825e-16
