0.023897977262724994782 0.059883611523733380661
0.12593471888169076076 0.12591096707540107193
0.30957893432678988075 0.16473078908210712807
0.57499554209280526609 0.17239118732674750403
0.92236948211666379157 0.15442926800152203448
1.3519383600081679397 0.12180351302605122744
1.8639963442992054802 0.085807976879846703278
2.4588958438224285850 0.054435367226483746819
3.1370490097858959310 0.031252789752223371974
3.8989293872049917811 0.016290259047635155781
4.7450738001258887621 0.0077247456605088567732
5.6760845082469168260 0.0033366894943076820164
6.6926316627865745904 0.0013138658634496515358
7.7954560890310120110 0.00047178872610582552603
8.9853724256576560911 0.00015450073634605151289
10.263272655037909547 0.000046133630291513734031
11.630130063841871782 0.000012555541586433208077
13.087003679350245100 3.1126536116671386255e-6
14.635043234018346591 7.0238923169229563530e-7
16.275494719209406879 1.4413942338722032050e-7
18.009706598857114263 2.6871155382478738257e-8
19.839136765434035716 4.5453240465711692205e-9
21.765360334373534885 6.9667460870539940245e-10
23.790078389494180642 9.6611190516491905786e-11
25.915127811604900409 1.2101372902012551474e-11
28.142492346079812161 1.3666508971830879161e-12
30.474315093739509195 1.3887583568740821736e-13
32.912912644080369003 1.2670440927349749065e-14
35.460791112322411216 1.0354183850146325428e-15
38.120664393927127573 7.5590720583370492079e-17
40.895475014812933693 4.9160556832367860941e-18
43.788418035940638635 2.8393315957761979668e-19
46.802968571856479942 1.4514379644950183886e-20
49.942913610317752243 6.5427350200929260331e-22
53.212388982588307206 2.5902519096833059549e-23
56.615922542696984717 8.9664278435414917268e-25
60.158484884500430204 2.7006780092750217553e-26
63.845549279532241991 7.0398894915621409495e-28
67.683162987059545208 1.5787547853764471914e-29
71.678032714447406955 3.0258776894584834948e-31
75.837627854657063291 4.9201673552566388837e-33
80.170306292607892439 6.7316641160505118187e-35
84.685469194509277238 7.6780965388276276462e-37
89.393753490252791880 7.2246694240103543426e-39
94.307274066118867443 5.5415003983611333256e-41
99.439932542889869648 3.4176601279081430909e-43
104.80781680747746147 1.6681495220378452232e-45
110.42972668651628922 6.3255732716007591197e-48
116.32787889753132982 1.8231396385814367186e-50
122.52887338413981661 3.8906596692228002314e-53
129.06505218529826502 5.9551615457676981661e-56
135.97646860411319811 6.2854492261473107477e-59
143.31384526024606358 4.3523952400430152023e-62
151.14321669561511669 1.8533564849869102490e-65
159.55362523885103398 4.4482734830374030633e-69
168.67080654892222049 5.3225663149557690379e-73
178.68392501314637910 2.6412067805224611180e-77
189.90524696213377268 4.0165058425505468822e-82
202.93398795040067732 1.0516941039201472127e-87
219.31811577379970553 1.0909419486248200726e-94
