 -2.25 -2.25 -2.25 -2.25 -2.25 -2.25 -2.25 -2.25 -2.25 -2.25 -2.25 -2.25 -2.25 -2.25 -2.25 -2.25 -2.25 -2.25 -2.25
 -2.   -2.   -2.   -2.   -2.   -2.   -2.   -2.   -2.   -2.   -2.   -2.   -2.   -2.   -2.   -2.   -2.   -2.   -2.  
 -1.75 -1.75 -1.75 -1.75 -1.75 -1.75 -1.75 -1.75 -1.75 -1.75 -1.75 -1.75 -1.75 -1.75 -1.75 -1.75 -1.75 -1.75 -1.75
 -1.5  -1.5  -1.5  -1.5  -1.5  -1.5  -1.5  -1.5  -1.5  -1.5  -1.5  -1.5  -1.5  -1.5  -1.5  -1.5  -1.5  -1.5  -1.5 
 -1.25 -1.25 -1.25 -1.25 -1.25 -1.25 -1.25 -1.25 -1.25 -1.25 -1.25 -1.25 -1.25 -1.25 -1.25 -1.25 -1.25 -1.25 -1.25
 -1.   -1.   -1.   -1.   -1.   -1.   -1.   -1.   -1.   -1.   -1.   -1.   -1.   -1.   -1.   -1.   -1.   -1.   -1.  
 -0.75 -0.75 -0.75 -0.75 -0.75 -0.75 -0.75 -0.75 -0.75 -0.75 -0.75 -0.75 -0.75 -0.75 -0.75 -0.75 -0.75 -0.75 -0.75
 -0.5  -0.5  -0.5  -0.5  -0.5  -0.5  -0.5  -0.5  -0.5  -0.5  -0.5  -0.5  -0.5  -0.5  -0.5  -0.5  -0.5  -0.5  -0.5 
 -0.25 -0.25 -0.25 -0.25 -0.25 -0.25 -0.25 -0.25 -0.25 -0.25 -0.25 -0.25 -0.25 -0.25 -0.25 -0.25 -0.25 -0.25 -0.25
  0.    0.    0.    0.    0.    0.    0.    0.    0.    0.    0.    0.    0.    0.    0.    0.    0.    0.    0.  
  0.25  0.25  0.25  0.25  0.25  0.25  0.25  0.25  0.25  0.25  0.25  0.25  0.25  0.25  0.25  0.25  0.25  0.25  0.25
  0.5   0.5   0.5   0.5   0.5   0.5   0.5   0.5   0.5   0.5   0.5   0.5   0.5   0.5   0.5   0.5   0.5   0.5   0.5 
  0.75  0.75  0.75  0.75  0.75  0.75  0.75  0.75  0.75  0.75  0.75  0.75  0.75  0.75  0.75  0.75  0.75  0.75  0.75
  1.    1.    1.    1.    1.    1.    1.    1.    1.    1.    1.    1.    1.    1.    1.    1.    1.    1.    1.  
  1.25  1.25  1.25  1.25  1.25  1.25  1.25  1.25  1.25  1.25  1.25  1.25  1.25  1.25  1.25  1.25  1.25  1.25  1.25
  1.5   1.5   1.5   1.5   1.5   1.5   1.5   1.5   1.5   1.5   1.5   1.5   1.5   1.5   1.5   1.5   1.5   1.5   1.5 
  1.75  1.75  1.75  1.75  1.75  1.75  1.75  1.75  1.75  1.75  1.75  1.75  1.75  1.75  1.75  1.75  1.75  1.75  1.75
  2.    2.    2.    2.    2.    2.    2.    2.    2.    2.    2.    2.    2.    2.    2.    2.    2.    2.    2.  
  2.25  2.25  2.25  2.25  2.25  2.25  2.25  2.25  2.25  2.25  2.25  2.25  2.25  2.25  2.25  2.25  2.25  2.25  2.25

 -2.25 -2.   -1.75 -1.5  -1.25 -1.   -0.75 -0.5  -0.25  0.    0.25  0.5   0.75  1.    1.25  1.5   1.75  2.    2.25
 -2.25 -2.   -1.75 -1.5  -1.25 -1.   -0.75 -0.5  -0.25  0.    0.25  0.5   0.75  1.    1.25  1.5   1.75  2.    2.25
 -2.25 -2.   -1.75 -1.5  -1.25 -1.   -0.75 -0.5  -0.25  0.    0.25  0.5   0.75  1.    1.25  1.5   1.75  2.    2.25
 -2.25 -2.   -1.75 -1.5  -1.25 -1.   -0.75 -0.5  -0.25  0.    0.25  0.5   0.75  1.    1.25  1.5   1.75  2.    2.25
 -2.25 -2.   -1.75 -1.5  -1.25 -1.   -0.75 -0.5  -0.25  0.    0.25  0.5   0.75  1.    1.25  1.5   1.75  2.    2.25
 -2.25 -2.   -1.75 -1.5  -1.25 -1.   -0.75 -0.5  -0.25  0.    0.25  0.5   0.75  1.    1.25  1.5   1.75  2.    2.25
 -2.25 -2.   -1.75 -1.5  -1.25 -1.   -0.75 -0.5  -0.25  0.    0.25  0.5   0.75  1.    1.25  1.5   1.75  2.    2.25
 -2.25 -2.   -1.75 -1.5  -1.25 -1.   -0.75 -0.5  -0.25  0.    0.25  0.5   0.75  1.    1.25  1.5   1.75  2.    2.25
 -2.25 -2.   -1.75 -1.5  -1.25 -1.   -0.75 -0.5  -0.25  0.    0.25  0.5   0.75  1.    1.25  1.5   1.75  2.    2.25
 -2.25 -2.   -1.75 -1.5  -1.25 -1.   -0.75 -0.5  -0.25  0.    0.25  0.5   0.75  1.    1.25  1.5   1.75  2.    2.25
 -2.25 -2.   -1.75 -1.5  -1.25 -1.   -0.75 -0.5  -0.25  0.    0.25  0.5   0.75  1.    1.25  1.5   1.75  2.    2.25
 -2.25 -2.   -1.75 -1.5  -1.25 -1.   -0.75 -0.5  -0.25  0.    0.25  0.5   0.75  1.    1.25  1.5   1.75  2.    2.25
 -2.25 -2.   -1.75 -1.5  -1.25 -1.   -0.75 -0.5  -0.25  0.    0.25  0.5   0.75  1.    1.25  1.5   1.75  2.    2.25
 -2.25 -2.   -1.75 -1.5  -1.25 -1.   -0.75 -0.5  -0.25  0.    0.25  0.5   0.75  1.    1.25  1.5   1.75  2.    2.25
 -2.25 -2.   -1.75 -1.5  -1.25 -1.   -0.75 -0.5  -0.25  0.    0.25  0.5   0.75  1.    1.25  1.5   1.75  2.    2.25
 -2.25 -2.   -1.75 -1.5  -1.25 -1.   -0.75 -0.5  -0.25  0.    0.25  0.5   0.75  1.    1.25  1.5   1.75  2.    2.25
 -2.25 -2.   -1.75 -1.5  -1.25 -1.   -0.75 -0.5  -0.25  0.    0.25  0.5   0.75  1.    1.25  1.5   1.75  2.    2.25
 -2.25 -2.   -1.75 -1.5  -1.25 -1.   -0.75 -0.5  -0.25  0.    0.25  0.5   0.75  1.    1.25  1.5   1.75  2.    2.25
 -2.25 -2.   -1.75 -1.5  -1.25 -1.   -0.75 -0.5  -0.25  0.    0.25  0.5   0.75  1.    1.25  1.5   1.75  2.    2.25