  0.9601703  0.8611924  0.7086698  0.5120855  0.2836622  0.0376022 -0.2107958 -0.4460875 -0.6536436 -0.8205594 -0.9364567 -0.9941297 -0.9899925 -0.9243024 -0.8011436 -0.6281736 -0.4161468
  0.7086698  0.5120855  0.2836622  0.0376022 -0.2107958 -0.4460875 -0.6536436 -0.8205594 -0.9364567 -0.9941297 -0.9899925 -0.9243024 -0.8011436 -0.6281736 -0.4161468 -0.1782461  0.0707372
  0.2836622  0.0376022 -0.2107958 -0.4460875 -0.6536436 -0.8205594 -0.9364567 -0.9941297 -0.9899925 -0.9243024 -0.8011436 -0.6281736 -0.4161468 -0.1782461  0.0707372  0.3153224  0.5403023
 -0.2107958 -0.4460875 -0.6536436 -0.8205594 -0.9364567 -0.9941297 -0.9899925 -0.9243024 -0.8011436 -0.6281736 -0.4161468 -0.1782461  0.0707372  0.3153224  0.5403023  0.7316889  0.8775826
 -0.6536436 -0.8205594 -0.9364567 -0.9941297 -0.9899925 -0.9243024 -0.8011436 -0.6281736 -0.4161468 -0.1782461  0.0707372  0.3153224  0.5403023  0.7316889  0.8775826  0.9689124  1.       
 -0.9364567 -0.9941297 -0.9899925 -0.9243024 -0.8011436 -0.6281736 -0.4161468 -0.1782461  0.0707372  0.3153224  0.5403023  0.7316889  0.8775826  0.9689124  1.         0.9689124  0.8775826
 -0.9899925 -0.9243024 -0.8011436 -0.6281736 -0.4161468 -0.1782461  0.0707372  0.3153224  0.5403023  0.7316889  0.8775826  0.9689124  1.         0.9689124  0.8775826  0.7316889  0.5403023
 -0.8011436 -0.6281736 -0.4161468 -0.1782461  0.0707372  0.3153224  0.5403023  0.7316889  0.8775826  0.9689124  1.         0.9689124  0.8775826  0.7316889  0.5403023  0.3153224  0.0707372
 -0.4161468 -0.1782461  0.0707372  0.3153224  0.5403023  0.7316889  0.8775826  0.9689124  1.         0.9689124  0.8775826  0.7316889  0.5403023  0.3153224  0.0707372 -0.1782461 -0.4161468
  0.0707372  0.3153224  0.5403023  0.7316889  0.8775826  0.9689124  1.         0.9689124  0.8775826  0.7316889  0.5403023  0.3153224  0.0707372 -0.1782461 -0.4161468 -0.6281736 -0.8011436
  0.5403023  0.7316889  0.8775826  0.9689124  1.         0.9689124  0.8775826  0.7316889  0.5403023  0.3153224  0.0707372 -0.1782461 -0.4161468 -0.6281736 -0.8011436 -0.9243024 -0.9899925
  0.8775826  0.9689124  1.         0.9689124  0.8775826  0.7316889  0.5403023  0.3153224  0.0707372 -0.1782461 -0.4161468 -0.6281736 -0.8011436 -0.9243024 -0.9899925 -0.9941297 -0.9364567
  1.         0.9689124  0.8775826  0.7316889  0.5403023  0.3153224  0.0707372 -0.1782461 -0.4161468 -0.6281736 -0.8011436 -0.9243024 -0.9899925 -0.9941297 -0.9364567 -0.8205594 -0.6536436
  0.8775826  0.7316889  0.5403023  0.3153224  0.0707372 -0.1782461 -0.4161468 -0.6281736 -0.8011436 -0.9243024 -0.9899925 -0.9941297 -0.9364567 -0.8205594 -0.6536436 -0.4460875 -0.2107958
  0.5403023  0.3153224  0.0707372 -0.1782461 -0.4161468 -0.6281736 -0.8011436 -0.9243024 -0.9899925 -0.9941297 -0.9364567 -0.8205594 -0.6536436 -0.4460875 -0.2107958  0.0376022  0.2836622
  0.0707372 -0.1782461 -0.4161468 -0.6281736 -0.8011436 -0.9243024 -0.9899925 -0.9941297 -0.9364567 -0.8205594 -0.6536436 -0.4460875 -0.2107958  0.0376022  0.2836622  0.5120855  0.7086698
 -0.4161468 -0.6281736 -0.8011436 -0.9243024 -0.9899925 -0.9941297 -0.9364567 -0.8205594 -0.6536436 -0.4460875 -0.2107958  0.0376022  0.2836622  0.5120855  0.7086698  0.8611924  0.9601703