0.054564482717908535954 0.13261688414760198020
0.28770797910612360712 0.24486736801629243536
0.70801601947864492234 0.25339202212712557568
1.3170813660438441397 0.18864598364175989420
2.1171209446284692589 0.10791234164258807282
3.1110938788779341219 0.048656565448921797180
4.3027708760403702811 0.017482137978489427639
5.6968188261694659310 0.0050249838368313122919
7.2989099630701832033 0.0011552691607496097713
9.1158628972942147502 0.00021179115830036047736
11.155824954937510505 0.000030792526041715131296
13.428509032459204123 3.5234400910243700392e-6
15.945503948143318926 3.1415563253592458953e-7
18.720686145460284721 2.1554568144037104231e-8
21.770774608541435713 1.1204781176704784064e-9
25.116093662316737710 4.3290024051368852727e-11
28.781646873450168932 1.2136891598372052480e-12
32.798673218409976318 2.3960742232612994420e-14
37.206982629612827150 3.2052185598316264353e-16
42.058615924434533810 2.7624941506079368186e-18
47.423899356281529263 1.4330643640727287853e-20
53.402185197253291638 4.0648446941130335834e-23
60.142775690076896774 5.4595133227988885171e-26
67.891479705451292612 2.7432209871353264244e-29
77.117999069332859717 3.3002304781520748807e-33
89.028402750410973338 3.0837522695855770801e-38
