0.041909920020069111635 0.10315038575730148140
0.22091640195235958414 0.20093362433727521991
0.54335369455654153227 0.22905771330341420328
1.0099677654843248194 0.19632330935126626945
1.6217519534739487791 0.13527946838507060964
2.3800146262422685601 0.077002901308627824299
3.2864001540017709208 0.036680933967009896719
4.3429101670516818998 0.014718804216281606215
5.5519292890365679174 0.0049902953926279236717
6.9162567116922616751 0.0014308099465646645906
8.4391447956883803209 0.00034670576855407069327
10.124346108943487757 0.000070871552163517814330
11.976170700835034769 0.000012186620326459149982
13.999555947016372232 1.7561240277004808819e-6
16.200152028494295725 2.1107760990325595093e-7
18.584427107409875677 2.1041408830914042987e-8
21.159797649874966938 1.7279159840337805171e-9
23.934791306586670858 1.1596787831018540088e-10
26.919252581223641739 6.3019775165523611326e-12
30.124605652368005541 2.7428169246147321086e-13
33.564194916500607828 9.4387659042618731585e-15
37.253733351103332730 2.5294403274624066009e-16
41.211903857730832085 5.1837051891587659509e-18
45.461183306440897319 7.9479678599438775344e-20
50.029000541299324397 8.8767890052003577080e-22
54.949412893952780329 6.9856955463833589865e-24
60.265621684680180788 3.7137865397764482586e-26
66.033914923530762855 1.2625667474662367948e-28
72.330193077791065383 2.5494564787226176001e-31
79.261554487795846940 2.7557883418055028208e-34
86.988886814947418934 1.3647603089701721890e-37
95.777190422188147563 2.3994979484592663210e-41
106.13344848238270913 9.2320704761907659737e-46
119.36210667770356736 2.2838380513187915366e-51
