0.070539889691988753367 0.16874680185111386215
0.37212681800161144379 0.29125436200606828172
0.91658210248327356467 0.26668610286700128855
1.7073065310283438807 0.16600245326950684003
2.7491992553094321296 0.074826064668792370540
4.0489253138508869224 0.024964417309283221073
5.6151749708616165141 0.0062025508445722368474
7.4590174536710633098 0.0011449623864769082420
9.5943928695810967725 0.00015574177302781197478
12.038802546964316310 0.000015401440865224915689
14.814293442630739979 1.0864863665179823515e-6
17.948895520519376017 5.3301209095567147509e-8
21.478788240285010976 1.7579811790505820036e-9
25.451702793186905504 3.7255024025123208726e-11
29.932554631700612007 4.7675292515781905245e-13
35.013434240479000006 3.3728442433624384124e-15
40.833057056728571062 1.1550143395003988310e-17
47.619994047346502140 1.5395221405823435535e-20
55.810795750063898891 5.2864427255691578288e-24
66.524416525615753819 1.6564566124990232959e-28
