0.017960423300698365554 0.045272641464027452755
0.094639912994353988811 0.097622691129370068013
0.23262286812586756921 0.13365852798017004242
0.43199254780238748026 0.14937645827101128701
0.69282886135202183991 0.14584706978660375008
1.0152325561894714374 0.12798046766667039213
1.3993276878428727741 0.10240364873547614395
1.8452623038358451381 0.075344057336652620107
2.3532088716092615245 0.051240835821065727379
2.9233646865554263248 0.032323138479013890286
3.5559523140461340594 0.018956660110987408170
4.2512200823098780832 0.010353138932155252397
5.0094426336201647724 0.0052716047497087076864
5.8309215386087190198 0.0025045007398191357512
6.7159859778513171116 0.0011108140479285224387
7.6649934948917730607 0.00046009904063076981317
8.6783308251677010954 0.00017800427319655150323
9.7564148057429307132 0.000064328305181779756454
10.899693371287855377 0.000021714152386661386056
12.108646642365699901 6.8452422068302032728e-6
13.383788112778647370 2.0148387768652888554e-6
14.725665943508585539 5.5356096108309897758e-7
16.134864371662466579 1.4190662350227729006e-7
17.612005243814437860 3.3928319886067029298e-8
19.157749684241247922 7.5618521942413492988e-9
20.772799909792096092 1.5702103797210433426e-9
22.457901204540458311 3.0358719151260974984e-10
24.213844068958647377 5.4614960265651831348e-11
26.041466560165586693 9.1353117403076832507e-12
27.941656841859465556 1.4196250412935834672e-12
29.915355964900985501 2.0478152050918212355e-13
31.963560902208920711 2.7395267234969947724e-14
34.087327864726189875 3.3954734164377129687e-15
36.287775928781454459 3.8950030226439436306e-16
38.566091009292210458 4.1305652335626718890e-17
40.923530218031267200 4.0446805024741155105e-18
43.361426651731230296 3.6523826707208946996e-19
45.881194661278886346 3.0373390214298404880e-20
48.484335660833189136 2.3227574806659417900e-21
51.172444544607010596 1.6309293123767971508e-22
53.947216789554447121 1.0497107364507377730e-23
56.810456334636223134 6.1821869666743219930e-25
59.764084342109954943 3.3253390304932169409e-26
62.810148963926477204 1.6303421327356487754e-27
65.950836257456057343 7.2700624371570635928e-29
69.188482420236277374 2.9418210595485496140e-30
72.525587544263345359 1.0775663295033320128e-31
75.964831127864174827 3.5634814454894239535e-33
79.509089629088836962 1.0609024804179843587e-34
83.161456401053689663 2.8347893331015768975e-36
86.925264419615623448 6.7761153137539824132e-38
90.804112300940755952 1.4438133638965327344e-39
94.801894215947433207 2.7317419619723957224e-41
98.922834446940579165 4.5703808506247258942e-43
103.17152750803913023 6.7309359032141144705e-45
107.55298497753990633 8.6827148453882270607e-47
112.07269048412833362 9.7574467664989971107e-49
116.73666467350366632 9.4957661365042295333e-51
121.55154249095262557 7.9503372413637032776e-53
126.52466579651554034 5.6852252212220386817e-55
131.66419525212031087 3.4443689191523066463e-57
136.97924668693697395 1.7520838300614889115e-59
142.48005891216160193 7.4077279619841976241e-62
148.17820245500444182 2.5735398256614593841e-64
154.08684228179869786 7.2517056812244499503e-67
160.22107287009571594 1.6328052016335641917e-69
166.59835193405391874 2.8875122894699307129e-72
173.23907133424950383 3.9306497186688057597e-75
180.16732304903231798 4.0218963695440024828e-78
187.41194967696377239 3.0065656681535619953e-81
195.00802244153299145 1.5862629302776148181e-84
202.99898419507493782 5.6593984420409922697e-88
211.43987049483646669 1.2934555058728238527e-91
220.40236815173573965 1.7649977712530878877e-95
229.98320607568000435 1.3078621805548315574e-99
240.31908705584154042 4.6038641952371485236e-104
251.61587933049961117 6.2980356469014355246e-109
264.21382388319910210 2.4056926530320779390e-114
278.76673304600456365 1.3648444753359407889e-120
296.96651199565134576 2.2905062537183813302e-128
