0.099747507032597574574 0.23181557714486497784
0.52685764885190289640 0.35378469159754315180
1.3006291212514964817 0.25873461024542808599
2.4308010787308446362 0.11548289355692321009
3.9321028222932188821 0.033192092159337360039
5.8255362183017084193 0.0061928694370066102168
8.1402401415651450301 0.00073989037786738594243
10.916499507366018841 0.000054907194668416983786
14.210805011161288683 2.4095857640853774968e-6
18.104892220218098413 5.8015439816764951809e-8
22.723381628269624823 6.8193146924849741196e-10
28.272981723248205695 3.2212077518948479398e-12
35.149443660592426583 4.2213524405165873516e-15
44.366081711117423042 6.0523750222891888084e-19
