0.044489365833267018419 0.10921834195238497114
0.23452610951961853745 0.21044310793881323294
0.57688462930188642649 0.23521322966984800539
1.0724487538178176330 0.19590333597288104341
1.7224087764446454411 0.12998378628607176061
2.5283367064257948811 0.070578623865717441560
3.4922132730219944896 0.031760912509175070306
4.6164567697497673878 0.011918214834838557057
5.9039585041742439466 0.0037388162946115247897
7.3581267331862411132 0.00098080330661495513223
8.9829409242125961034 0.00021486491880136418802
10.783018632539972067 0.000039203419679879472043
12.763697986742725115 5.9345416128686328784e-6
14.931139755522557320 7.4164045786675522191e-7
17.292454336715314789 7.6045678791207814811e-8
19.855860940336054740 6.3506022266258067424e-9
22.630889013196774489 4.2813829710409288788e-10
25.628636022459247767 2.3058994918913360793e-11
28.862101816323474744 9.7993792887270940633e-13
32.346629153964737003 3.2378016577292664623e-14
36.100494805751973804 8.1718234434207194332e-16
40.145719771539441536 1.5421338333938233722e-17
44.509207995754937976 2.1197922901636186120e-19
49.224394987308639177 2.0544296737880454267e-21
54.333721333396907333 1.3469825866373951558e-23
59.892509162134018196 5.6612941303973593711e-26
65.975377287935052797 1.4185605454630369060e-28
72.687628090662708639 1.9133754944542243094e-31
80.187446977913523067 1.1922487600982223565e-34
88.735340417892398689 2.6715112192401369860e-38
98.829542868283972559 1.3386169421062562827e-42
111.75139809793769521 4.5105361938989742322e-48
