0.040729209061713438974 0.10036223741923592740
0.21468745273514456930 0.19648238336171276626
0.52801038431934377708 0.22601456693434385115
0.98138617345907802054 0.19627166789644441670
1.5757259475774519583 0.13760074201312757452
2.3122282965132124406 0.080030400464140252770
3.1923979394931200889 0.039125771428883304215
4.2180641250297159632 0.016186726526125783826
5.3914027346738231891 0.0056853255717743371717
6.7149632799157393280 0.0016972232991259838798
8.1917017588376206933 0.00043048506814167813340
9.8250204970927057888 0.000092634053063653426884
11.618816388907337457 0.000016870264869314439671
13.577539357307804534 2.5916721474280000449e-6
15.706263395762777371 3.3446109572663336308e-7
18.010773287835124877 3.6077854386915525045e-8
20.497671107146630511 3.2335690322102271572e-9
23.174507997799254137 2.3913229815921465354e-10
26.049948710370233228 1.4473323990388579873e-11
29.133979209544429426 7.1013552778116401459e-13
32.438171837677936939 2.7933695093215839594e-14
35.976028769894022680 8.6948402143307648797e-16
39.763434104800269334 2.1088459367771633669e-17
43.819260118606670766 3.9129108119233423665e-19
48.166197974018779925 5.4327194067067156311e-21
52.831925058015623889 5.4936947240754559482e-23
57.850795022134440333 3.9126925656364653134e-25
63.266373675384761537 1.8809869282202612865e-27
69.135413883648159662 5.7751551043945367004e-30
75.534435134729916579 1.0511407467805984576e-32
82.571405523582648860 1.0212770131874045815e-35
90.408523864400746415 4.5273473120817516735e-39
99.312973659441359472 7.0802327339258537996e-43
109.79599094490647516 2.3974946333650172388e-47
123.17325317537592765 5.1067238137005542892e-53
