0.078169166669705471299 0.18558860314691880562
0.41249008525912929104 0.31018176637022529365
1.0165201796235396892 0.26786656714853635482
1.8948885099697609143 0.15297974746807490655
3.0543531132026597512 0.061434917860961652708
4.5042055388898928263 0.017687213080772931277
6.2567250739491114527 0.0036601797677599177980
8.3278251566056300217 0.00054062278700773532313
10.737990047757609335 0.000056169650512142311382
13.513656207555089819 4.0153078837011575586e-6
16.689306281930105938 1.9146698566756749797e-7
20.310767626267742856 5.8360952686315941292e-9
24.440681359283702766 1.0717112669553901277e-10
29.168208662579616131 1.0890987138888338556e-12
34.627927065660172145 5.3866647483783088761e-15
41.041816772808758139 1.0498659780357034088e-17
48.833922716086522749 5.4053984516310536436e-21
59.090546435901250704 2.6916532692010286271e-25
