0.064267628744808908450 0.15470198763989337473
0.33896725481491102047 0.27417508232856468307
0.83458998544917840503 0.26340970153563371832
1.5537133867500260922 0.17593460926307254278
2.5000062367361724359 0.087125622172209880159
3.6784203444636370270 0.032752687896538620310
5.0953490689687381500 0.0094249002569982649536
6.7588355158135488139 0.0020773357526546158086
8.6788533136784274579 0.00034916737149230085876
10.867686893540571627 0.000044382193140661427386
13.340451051495240572 4.2142299011046203767e-6
16.115811338766311560 2.9406682461301561655e-7
19.217003684901354280 1.4761938263897437679e-8
22.673316601434590091 5.1864230257248612662e-10
26.522319587637137939 1.2305262515544128132e-11
30.813357944506558120 1.8804655096314732632e-13
35.613335203196170034 1.7355641391268362786e-15
41.016968598471685302 8.8314023083271145433e-18
47.166757849153520460 2.1607186468181997759e-20
54.297385256578884239 2.0311199675833294893e-23
62.857096246299029239 4.7979035209907997149e-27
73.995507008599498225 9.7802465066838228351e-32
