0.038556734186015022592 0.095214651426979055171
0.20322750994095859987 0.18812810086693704029
0.49978706644227012338 0.22002905155139786799
0.92882549934693066217 0.19573734237841640583
1.4911150120426225625 0.14165364252361854358
2.1876690719353285022 0.085713756436193989731
3.0197574676425097513 0.043948621422838803030
3.9889203029415885342 0.019228710878365075492
5.0969845446049991547 0.0072048771703099494171
6.3460840606495494533 0.0023154716429499836351
7.7386838135364333985 0.00063833255863661421187
9.2776089418061887243 0.00015081828949379988520
10.966079631310795661 0.000030485618916858805561
12.807752912545413380 5.2586849951351081141e-6
14.806772832457769390 7.7161064001032755824e-7
16.967830861609724418 9.5928412944538759599e-8
19.296238948189429876 1.0057541962375849333e-8
21.798018374467604280 8.8440885796264389324e-10
24.480008590749687594 6.4813973464885699523e-11
27.350001619637796275 3.9295478116928752422e-12
30.416909627456459507 1.9542457901219328270e-13
33.690976143426304704 7.8940023710878365192e-15
37.184045639222585812 2.5604635963498163904e-16
40.909912529780507753 6.5799472096910862977e-18
44.884780415154753613 1.3187193066397206979e-19
49.127877806719788050 2.0228210532347099162e-21
53.662301738694262913 2.3218619944215189926e-23
58.516203220150028755 1.9401615214294621765e-25
63.724503575444959564 1.1406116236355708115e-27
69.331470026966007757 4.5181021486852350767e-30
75.394753301696875622 1.1398881006626312678e-32
81.992072000192307862 1.6981579422487235672e-35
89.233082728233447920 1.3428496035750324689e-38
97.282533666349529090 4.8053496536420993648e-42
106.41185731948361184 5.9909906193811908853e-46
117.14057111333492925 1.5839224439544198206e-50
130.80622535165002462 2.5237731905450008162e-56
