0.036604291956600413971 0.090569050052192306240
0.19292946677486190875 0.18043580804346419749
0.47443065146260347738 0.21420621513333978740
0.88161852175042557740 0.19472992949107219782
1.4151534029644350680 0.14499922361998282629
2.0759000544414753630 0.090908191055554771033
2.8649400871242441816 0.048643919709767013911
3.7835828044507915713 0.022375843723617601909
4.8333778104884625389 0.0088825097797072924864
6.0161301557274294076 0.0030486191043798838549
7.3339184964215967333 0.00090511841936780834562
8.7891167619757293027 0.00023234877337334871514
10.384419922696526398 0.000051507133788566893026
12.122874592146699962 9.8413506071601350863e-6
14.007915384768099867 1.6166036545618917982e-6
16.043408191605697429 2.2759149325497965688e-7
18.233701853349192344 2.7358438359831648616e-8
20.583690127440614672 2.7958394098502959367e-9
23.098886403465166436 2.4167002595719436265e-10
25.785514374838579583 1.7566955022031579768e-11
28.650618908103995768 1.0666803102389331758e-12
31.702202788744929046 5.3692093587419097512e-14
34.949397055097191300 2.2207653752454377582e-15
38.402675557525423705 7.4714397915603449491e-17
42.074128674236114599 2.0207324212639931612e-18
45.977817557450932708 4.3337267248715197808e-20
50.130240188495154740 7.2520873386581318149e-22
54.550956176108401965 9.2897804591571634953e-24
59.263442771504351443 8.9024810216449088940e-26
64.296297777645466068 6.2061835307056086236e-28
69.684981277416199586 3.0400394863406010305e-30
75.474429567805443617 1.0013738949252817781e-32
81.723153393237976844 2.0949052412114022675e-35
88.510023667782516312 2.5774941207485226730e-38
95.946323568541830645 1.6738095333344955975e-41
104.19926132320354856 4.8789620355537146859e-45
113.54437396417612820 4.8943584509291588975e-49
124.50918289601379234 1.0202390702404189318e-53
138.45237953106137032 1.2295294484185288804e-59
