0.10714238847225231065 0.24718870842996262135
0.56613189904040185341 0.36568882290052194531
1.3985643364510197179 0.25256242005765850236
2.6165971084064112981 0.10347075802418370511
4.2388459290170332794 0.026432754415561615778
6.2922562711400737804 0.0042203960402547527656
8.8150019411869780473 0.00041188177047273477489
11.861403588811242576 0.000023515473981553238688
15.510762037703752782 7.3173116202490991040e-7
19.884635663880228333 1.1088416257039806798e-8
25.185263864677758084 6.7708266922058988406e-11
31.800386301947268371 1.1599799599050760609e-13
40.723008669265579566 2.2450932038927584160e-17
