0.052579898206364311724 0.12804572690683746145
0.27722910598770463964 0.23841884939414312646
0.68216391137800683477 0.25049340652300296789
1.2688141807507568016 0.19066206759352427455
2.0391592782504855136 0.11231094931185077493
2.9958355818751640334 0.052539385475132147555
4.1421944825632467621 0.019740923275744470301
5.4823717160490678277 0.0059841135557009914541
7.0213760246055511674 0.0014641503609227878196
8.7652027168507095569 0.00028849800396584335300
10.720979045996847232 0.000045576544403734962510
12.897150901909760499 5.7357561191908691764e-6
15.303724197068925250 5.7020970171393813550e-7
17.952580164010659706 4.4307691576321170409e-8
20.857892743471171967 2.6561653164937994334e-9
24.036690385983112967 1.2089475247687209827e-10
27.509627633675776867 4.0962644275901271899e-12
31.302070792021055544 1.0083497673165065622e-13
35.445670666132857125 1.7490517511153701591e-15
39.980722621126703659 2.0559670832614961682e-17
44.959864785337983666 1.5562957367237999155e-19
50.454196152727714413 7.0812651779011907449e-22
56.564130901518344418 1.7574720104286018628e-24
63.440546684688830166 2.0570430367975796844e-27
71.331848055160100582 8.9474191153692017126e-31
80.712763847096054384 9.2093109169179076818e-35
92.802613525557044106 7.1797423782947117356e-40
