0.039613206408602412743 0.097720748431266709237
0.20880028565435078705 0.19221751311006712697
0.51351077553519025536 0.22300334469787640751
0.95438115307914338184 0.19607084692947025778
1.5322492253938293792 0.13972138965259446098
2.2482158178544077330 0.082933865664551386729
3.1036614904980219491 0.041550462059067200691
4.1002625456990110524 0.017691908088602572472
5.2400101087546737072 0.0064242052543488684334
6.5252333304676742838 0.0019920097555308035165
7.9586275089987620668 0.00052741253900151539556
9.5432880352784961428 0.00011909282938083885067
11.282751286662646269 0.000022887388197004908704
13.181043900248716226 3.7327718559926123266e-6
15.242742266560329521 5.1475935569309591593e-7
17.473044631414916963 5.9756785226399140056e-8
19.877858933079959846 5.8088933596193915628e-9
22.463910514391125414 4.6994101350499366928e-10
25.238875257302324623 3.1413614203958665215e-11
28.211545676882315756 1.7206577687918938792e-12
31.392040374214916522 7.6482722525958559190e-14
34.792071448003983518 2.7278333315571666298e-15
38.425290764801225003 7.7039018266510100668e-17
42.307745672076432284 1.6961467171467939580e-18
46.458490042904836015 2.8576496741506024164e-20
50.900421503323474404 3.6027973399487941698e-22
55.661457914683809132 3.3075929467904602046e-24
60.776240684528806762 2.1376100780527881823e-26
66.288690680253834120 9.3167468492949091215e-29
72.256014754456651767 2.5899194522031213582e-31
78.755338162781540675 4.2596906628594740697e-34
85.895481429496542838 3.7293304176385859935e-37
93.839929784841404359 1.4835864068856235612e-40
102.85801014711933042 2.0690565684905298723e-44
113.46513548970711906 6.1828348408085222796e-49
126.98801519664159535 1.1373928334075347564e-54
