0.043161135617326892192 0.10609774555368675945
0.22751780280337112385 0.20558298366193260350
0.55961665585153988759 0.23212652349606085085
1.0402685077510020538 0.19620737276914191683
1.6705591960757151909 0.13274485670517109810
2.4519207958976305465 0.073851803887713871405
3.3861553375880048323 0.034223233410864027035
4.4754594983997714570 0.013293975180808666586
5.7224547202721035227 0.0043409430950462364594
7.1302243444001080163 0.0011922509906686840511
8.7023592306214062489 0.00027515822558239658442
10.443013650205982427 0.000053243340992278241244
12.356973759350285962 8.6095713264633161837e-6
14.449741681585540238 1.1583779610246919560e-6
16.727639218638322353 1.2898511485652588454e-7
19.197936587212446637 1.1809678698032524103e-8
21.869013524928189871 8.8227664096702024677e-10
24.750562906157795643 5.3296121341030270136e-11
27.853851111413356780 2.5755040374831743943e-12
31.192055545575129868 9.8314133225207825981e-14
34.780709153538337700 2.9204149555654684539e-15
38.638296717774030225 6.6307715675238163773e-17
42.787072078253479488 1.1260986370499501802e-18
47.254206602993265817 1.3931165712239200941e-20
52.073451901514220267 1.2148100989154429767e-22
57.287634541092940075 7.1615818114209984054e-25
62.952565946906630207 2.7032071248811687217e-27
69.143513380109892446 6.0719236128692224359e-30
75.966687014247062344 7.3213421113257940752e-33
83.581637223270880761 4.0613170614556979551e-36
92.251139444135101234 8.0495228454520372687e-40
102.47784433682332258 3.5290299036046993752e-44
115.55475644899580731 1.0171665629941256980e-49
