0.047407180540804851462 0.11604408602039325562
0.24992391675316022399 0.22085112475069602168
0.61483345439276828461 0.24139982758787346417
1.1431958256661007983 0.19463676844641672701
1.8364545546225722915 0.12372841596688099223
2.6965218745572151958 0.063678780368988269340
3.7258145077795089493 0.026860475273380519411
4.9272937658498824097 0.0093380708816042351496
6.3045155909650745228 0.0026806968913369005385
7.8616932933702604688 0.00063512912194087764640
9.6037759854792620798 0.00012390745990688661704
11.536546597956139701 0.000019828788438952961056
13.666744693064236295 2.5893509291314845837e-6
16.002221188981066255 2.7409428405360851638e-7
18.552134840143150124 2.3328311650257961682e-8
21.327204321783128928 1.5807455747783781037e-9
24.340035764532693401 8.4274791230570478545e-11
27.605554796780961028 3.4851612349079771460e-12
31.141586701111235818 1.0990180597534727279e-13
34.969652008249069544 2.5883126649592354134e-15
39.116084949067889122 4.4378380598403008662e-17
43.613652908484827807 5.3659183082123539536e-19
48.503986163804200427 4.3939468922917157783e-21
53.841385406507505617 2.3114097943886493589e-23
59.699121859235495477 7.2745884982925408323e-26
66.180617794438489652 1.2391497014482743994e-28
73.441238595559882239 9.8323750831056357108e-32
81.736810506727685722 2.8423235534027969144e-35
91.556466522536838255 1.8786080317495715678e-39
104.15752443105889451 8.7459804404651875591e-45
