0.045901947621108290744 0.11252789550372583821
0.24198016382477204890 0.21552760818089123795
0.59525389422235073707 0.23830825164569654732
1.1066894995329987162 0.19538830929790229250
1.7775956928747727212 0.12698283289306190144
2.6097034152566806504 0.067186168923899300671
3.6051968023400442699 0.029303224993879487405
4.7667470844717611314 0.010597569915295736090
6.0975545671817409270 0.0031851272582386980321
7.6014009492331374229 0.00079549548307940382922
9.2827143134708894183 0.00016480052126636687318
11.146649755619291359 0.000028229237864310816394
13.199189576244998522 3.9802902551008580387e-6
15.447268315549310076 4.5931839841801061674e-7
17.898929826644757647 4.3075545187731100930e-8
20.563526336715822171 3.2551249938271570855e-9
23.451973482011858591 1.9620246675410594996e-10
26.577081352118260460 9.3190499086617587130e-12
29.953990872346445507 3.4377541819411620520e-13
33.600759532902202735 9.6795247130446716997e-15
37.539164407330440883 2.0368066110115247398e-16
41.795830870182219981 3.1212687280713526832e-18
46.403866806411123136 3.3729581704161052453e-20
51.405314476797755162 2.4672796386616696011e-22
56.854992868715843621 1.1582201904525643635e-24
62.826855908786321454 3.2472922591425422435e-27
69.425277191080345623 4.9143017308057432741e-30
76.807047763862732838 3.4500071104808394132e-33
85.230358607545669169 8.7663710117162041473e-37
95.188939891525629981 5.0363643921161490411e-41
107.95224382757871475 1.9909984582531456482e-46
