0.067257817923161130962 0.16142010018163800893
0.35477289532351182708 0.28249356458299533678
0.87366016677864235687 0.26525457551389979161
1.6268699419292102463 0.17131939639002142843
2.6186264105455439088 0.081126625892353214254
3.8546521381097596585 0.028816301767769421865
5.3423692806224341299 0.0077342394261187264652
7.0911688132196751422 0.0015674813904211877532
9.1127788542697046704 0.00023842265876341355420
11.421771762378382508 0.000026930073439686183289
14.036270697873757765 2.2247907936450465120e-6
16.978952692783837190 1.3173344974323331686e-7
20.278509414993741305 5.4439522906464423896e-9
23.971845587151476290 1.5163662051980612686e-10
28.107528600944306245 2.7178831180589082606e-12
32.751497410560833306 2.9425193540719438027e-14
37.997187819260953854 1.7590740357977160890e-16
43.985245757142216124 5.0738022271720229565e-19
50.947351189939920974 5.6597208703242377328e-22
59.325994120229994368 1.6062609247992960042e-25
70.255688628018936999 4.0441339271159212262e-30
