0.035700394308888385122 0.088412106190342440940
0.18816228315869851600 0.17681473909572229560
0.46269428131457645357 0.21136311701596243103
0.85977296397293492226 0.19408119531860179966
1.3800108205273371865 0.14643428242412511441
2.0242091359228267334 0.093326798435770880507
2.7933693535068164577 0.050932204361044237026
3.6887026779082702096 0.023976193015684841840
4.7116411465549726936 0.0097746252467144596189
5.8638508783437181143 0.0034579399930184868613
7.1472479081022882507 0.0010622468938968719350
8.5640170175861637627 0.00028327168532432471583
10.116634048451939407 0.000065509405003246292798
11.807892294004584843 0.000013116069073267784125
13.640933712537087228 2.2684528787793650545e-6
15.619285893339073837 3.3796264822006792108e-7
17.746905950095663043 4.3228213222820885689e-8
20.028232834574890530 4.7284937709907793279e-9
22.468249983498418351 4.4031741042328488129e-10
25.072560772426203794 3.4724414848038224856e-11
27.847480009168862721 2.3053815449168221616e-12
30.800145739445462701 1.2797725976766356072e-13
33.938657084913719609 5.8941771723511529447e-15
37.272245880476004328 2.2322175799045774184e-16
40.811492823886920466 6.8803364842843023409e-18
44.568603175334462707 1.7056037368180867485e-19
48.557763533059992281 3.3537119406661829355e-21
52.795611187216932969 5.1461995601366791408e-23
57.301863323393627495 6.0447625115876632890e-25
62.100179072775111612 5.3105847773213307528e-27
67.219370927126998799 3.3925280532805218961e-29
72.695158847612462118 1.5217354931814569975e-31
78.572802911571309281 4.5852916145026869176e-34
84.911231135704984543 8.7621586574862485610e-37
91.789874671236376992 9.8274157251479333061e-40
99.320808717446808250 5.8011520191697791085e-43
107.67244063938827252 1.5309086846066868536e-46
117.12230951269068881 1.3819863056493280997e-50
128.20184198825565119 2.5666336050123721838e-55
142.28004446915999789 2.7003609402170336406e-61
