0.059019852181507976973 0.14281197333478185108
0.31123914619848372686 0.25877410751742390266
0.76609690554593664624 0.25880670727286980203
1.4255975908036130863 0.18332268897777802489
2.2925620586321902950 0.098166272629918892193
3.3707742642089977162 0.040732478151408646025
4.6650837034671707921 0.013226019405120156687
6.1815351187367654118 0.0033693490584783035520
7.9275392471721521794 0.00067216256409354788999
9.9120980150777060188 0.00010446121465927518047
12.146102711729765550 0.000012544721977993333207
14.642732289596674342 1.1513158127372799199e-6
17.417992646508978726 7.9608129591336302572e-8
20.491460082616424707 4.0728589875499996652e-9
23.887329848169733175 1.5070082262925849164e-10
27.635937174332717420 3.9177365150584513852e-12
31.776041352374723288 6.8941810529580856858e-14
36.358405801651621653 7.8198003824594484691e-16
41.451720484870767051 5.3501888130100376029e-18
47.153106445156323041 2.0105174645555034709e-20
53.608574544695069824 3.6057658645529590391e-23
61.058531447218761564 2.4518188458784026890e-26
69.962240035105030431 4.0883015936806578232e-30
81.498279233948885377 5.5753457883283567531e-35
